0.5792782306671143
0.4794187545776367
0.16697709262371063
0.22261948883533478
0.15784133970737457
0.10242483019828796
0.20117232203483582
0.1291903704404831
0.15233471989631653
0.23318561911582947
0.2598862946033478
0.33409392833709717
0.14980576932430267
0.23962654173374176
0.12859798967838287
0.09795805811882019
0.16057957708835602
0.16845853626728058
0.2503018379211426
0.22582392394542694
0.3026294708251953
0.12145321071147919
0.21108901500701904
0.2876269221305847
0.16063375771045685
0.1975439041852951
0.15778961777687073
0.23353074491024017
0.17719122767448425
0.15541818737983704
0.2060779184103012
0.2565472722053528
0.32211804389953613
0.23169919848442078
0.18137243390083313
0.1710679829120636
0.29537156224250793
0.17993363738059998
0.1319359838962555
0.17398646473884583
0.09755559265613556
0.25294938683509827
0.24665355682373047
0.18269768357276917
0.16223499178886414
0.2654038965702057
0.24824513494968414
0.2365717887878418
0.12789976596832275
0.1747249960899353
0.18896779417991638
0.16301123797893524
0.25321531295776367
0.2740151882171631
0.19436965882778168
0.08797842264175415
0.16180261969566345
0.11324543505907059
0.1943485140800476
0.18022365868091583
0.16754500567913055
0.11390888690948486
0.12109284102916718
0.16260617971420288
0.15157675743103027
0.1646030843257904
0.16494348645210266
0.24004340171813965
0.3374049663543701
0.2953154146671295
0.18330079317092896
0.11687205731868744
0.13273966312408447
0.2137601226568222
0.19648706912994385
0.14641427993774414
0.19541814923286438
0.13341349363327026
0.10419422388076782
0.1660918891429901
0.13888336718082428
0.11548938602209091
0.1395280659198761
0.13578274846076965
0.1039646714925766
0.1047554761171341
0.12622827291488647
0.16878104209899902
0.1519404649734497
0.12325866520404816
0.1585051417350769
0.1740598976612091
0.12223005294799805
0.16460183262825012
0.1350780576467514
0.20651081204414368
0.1863679140806198
0.1830916851758957
0.18539437651634216
0.2022828459739685
0.13372169435024261
0.10430911183357239
0.16934676468372345
0.18266519904136658
0.24052369594573975
0.2755661606788635
0.16373014450073242
0.11735844612121582
0.14203374087810516
0.12791672348976135
0.11924907565116882
0.1686353087425232
0.14681167900562286
0.12659811973571777
0.0823744535446167
0.13033919036388397
0.08240415900945663
0.09655441343784332
0.08741230517625809
0.14318637549877167
0.13867847621440887
0.08335832506418228
0.20045480132102966
0.09404535591602325
0.06702972948551178
0.11677409708499908
0.23070624470710754
0.49733829498291016
0.5577238202095032
0.4685307741165161
0.17285744845867157
0.24558362364768982
0.1574636995792389
0.10346025228500366
0.15679201483726501
0.2298206388950348
0.141617089509964
0.2347160428762436
0.11336981505155563
0.1557912528514862
0.2691335082054138
0.21273598074913025
0.08472530543804169
0.1792595535516739
0.15590202808380127
0.14360442757606506
0.16786886751651764
0.12015140801668167
0.09711457788944244
0.12177475541830063
0.13999411463737488
0.15017051994800568
0.15471820533275604
0.10257945209741592
0.15436244010925293
0.14771980047225952
0.10735432803630829
0.1446419656276703
0.09298299998044968
0.1591479480266571
0.16180063784122467
0.1208280473947525
0.18102924525737762
0.08911098539829254
0.1556098610162735
0.21544596552848816
0.29570868611335754
0.3941110074520111
0.2076219618320465
0.12785640358924866
0.15574195981025696
0.14289046823978424
0.1708098202943802
0.11720165610313416
0.15204733610153198
0.1766740083694458
0.23086538910865784
0.16432756185531616
0.12232545018196106
0.10614790767431259
0.11901576817035675
0.16769465804100037
0.20781444013118744
0.07114984095096588
0.08082722127437592
0.1349612921476364
0.12516659498214722
0.14668530225753784
0.14725689589977264
0.2626500725746155
0.3230944275856018
0.2853986620903015
0.0968465656042099
0.18214039504528046
0.20726987719535828
0.10720811039209366
0.049582213163375854
0.16118401288986206
0.1493595689535141
0.1669548749923706
0.14831925928592682
0.13764351606369019
0.11397778987884521
0.043969616293907166
0.16626927256584167
0.18641506135463715
0.19341477751731873
0.263555645942688
0.2161928415298462
0.09243668615818024
0.12192851305007935
0.11975553631782532
0.12256177514791489
0.11007656157016754
0.14681223034858704
0.1878349930047989
0.1924256682395935
0.09548382461071014
0.1918794959783554
0.1519184410572052
0.1077791154384613
0.054039083421230316
0.082477867603302
0.1588384211063385
0.050055671483278275
0.09739770740270615
0.07375170290470123
0.063276007771492
0.15151861310005188
0.16893212497234344
0.21305403113365173
0.2872418463230133
0.44928789138793945
0.3301296532154083
0.16373972594738007
0.07590239495038986
0.11291094124317169
0.11292204260826111
0.0865921750664711
0.1866355836391449
0.138172447681427
0.14934346079826355
0.13453887403011322
0.11605116724967957
0.10761852562427521
0.14034897089004517
0.12213222682476044
0.12745711207389832
0.14864465594291687
0.0707855224609375
0.10893629491329193
0.12306512892246246
0.13396532833576202
0.14082223176956177
0.2005697637796402
0.2252212017774582
0.2647005319595337
0.4495867192745209
0.3818514049053192
0.1407971978187561
0.0928921103477478
0.1025061383843422
0.09166379272937775
0.08996156603097916
0.20079755783081055
0.1498519480228424
0.1392124891281128
0.1446714997291565
0.18481624126434326
0.12637574970722198
0.22790658473968506
0.1294761449098587
0.12195468693971634
0.1637875735759735
0.1411050409078598
0.1223195344209671
0.1523270308971405
0.2314678430557251
0.120555080473423
0.08008556067943573
0.07909242808818817
0.06886383891105652
0.08430406451225281
0.11034587770700455
0.09131353348493576
0.25404247641563416
0.27443861961364746
0.2651139199733734
0.14485052227973938
0.12138966470956802
0.19932155311107635
0.1956169158220291
0.26960402727127075
0.14390595257282257
0.0912136510014534
0.08083190023899078
0.10667497664690018
0.09324107319116592
0.0849800705909729
0.09888342022895813
0.15718090534210205
0.15072016417980194
0.1166430115699768
0.13052895665168762
0.1317462921142578
0.11172611266374588
0.10438583046197891
0.1160699874162674
0.09421558678150177
0.18130701780319214
0.16604110598564148
0.10184338688850403
0.10113227367401123
0.24628111720085144
0.3522643744945526
0.6915518641471863
0.2748613655567169
0.15999501943588257
0.18263882398605347
0.20572549104690552
0.20002993941307068
0.150551438331604
0.12382747232913971
0.1375243216753006
0.08715309947729111
0.12060742825269699
0.07322633266448975
0.0695759728550911
0.12297254055738449
0.13672050833702087
0.08865133672952652
0.08554598689079285
0.09721297025680542
0.11703552305698395
0.17291823029518127
0.13688024878501892
0.16478519141674042
0.14429327845573425
0.14366397261619568
0.13941888511180878
0.17559173703193665
0.17503622174263
0.10868909955024719
0.12014140188694
0.09085732698440552
0.10075734555721283
0.10471847653388977
0.13149794936180115
0.11215422302484512
0.08703261613845825
0.14875946938991547
0.1350867748260498
0.10416847467422485
0.13600683212280273
0.13298854231834412
0.17294515669345856
0.21745958924293518
0.1467268168926239
0.1294669210910797
0.10426381975412369
0.11304501444101334
0.11598048359155655
0.10771350562572479
0.1055036336183548
0.08772622048854828
0.15083430707454681
0.12934035062789917
0.28189319372177124
0.48198992013931274
0.34826961159706116
0.1348663866519928
0.13124431669712067
0.19996817409992218
0.18355579674243927
0.15129807591438293
0.07573792338371277
0.13031873106956482
0.07729046046733856
0.09988246858119965
0.09772171825170517
0.07535398751497269
0.10230296850204468
0.13593821227550507
0.1445103883743286
0.13788184523582458
0.11942287534475327
0.10660786926746368
0.15886476635932922
0.12023236602544785
0.05913129821419716
0.1210976243019104
0.12037540972232819
0.16728980839252472
0.17758268117904663
0.17387856543064117
0.08209378272294998
0.07852037250995636
0.08666004240512848
0.09197328984737396
0.12179891020059586
0.07127425819635391
0.17265838384628296
0.11746568977832794
0.12985718250274658
0.33441007137298584
0.5479577779769897
0.622974693775177
0.23177236318588257
0.20519781112670898
0.17266470193862915
0.0943627804517746
0.12698675692081451
0.14461329579353333
0.08337371051311493
0.09789273142814636
0.09880127757787704
0.11371838301420212
0.13215702772140503
0.10241501033306122
0.15558157861232758
0.15980666875839233
0.12347839027643204
0.11106400191783905
0.09787734597921371
0.07119722664356232
0.09405770897865295
0.1159980446100235
0.12150272727012634
0.14298158884048462
0.1289803683757782
0.10595478117465973
0.13040369749069214
0.1317565143108368
0.07755143940448761
0.10875047743320465
0.11680525541305542
0.11336039006710052
0.14647267758846283
