21.492637634277344
16.394878387451172
12.223969459533691
10.730460166931152
9.482181549072266
8.439815521240234
7.923973083496094
7.936079025268555
6.5216593742370605
6.385656833648682
5.962278366088867
5.806328773498535
7.185537338256836
6.63555908203125
6.783766746520996
6.708721160888672
7.305180549621582
6.0532379150390625
5.818750858306885
7.248132705688477
5.6345319747924805
6.712656021118164
6.133605003356934
6.438337326049805
6.587377071380615
5.8991498947143555
6.518011569976807
5.4487624168396
6.441639423370361
6.091437339782715
7.170103073120117
5.501334190368652
7.156623840332031
5.838123798370361
6.73377799987793
6.622335433959961
6.064677715301514
6.895490646362305
5.3228864669799805
6.139502048492432
6.656848430633545
6.120350360870361
6.639448642730713
6.067214488983154
6.874762535095215
5.114786148071289
6.491366863250732
6.440029144287109
6.108217716217041
6.105241775512695
6.373983860015869
5.6740899085998535
6.621938705444336
6.430379867553711
5.000535011291504
6.419464588165283
6.952417373657227
6.204859733581543
6.144898414611816
6.085747718811035
5.375741004943848
6.838726043701172
5.432600021362305
5.946268558502197
5.36960506439209
5.688886642456055
6.333805084228516
5.521869659423828
7.7061448097229
4.598094463348389
5.750836372375488
6.206266403198242
5.459749221801758
5.43388032913208
6.011663436889648
5.482297897338867
5.8346357345581055
5.26495361328125
7.013799667358398
5.890478134155273
6.255928039550781
6.177743911743164
6.239104270935059
5.483748912811279
6.348464012145996
5.537199974060059
6.692607879638672
6.782657146453857
6.182056903839111
5.283801078796387
6.95417594909668
5.413223743438721
5.757375717163086
6.708268165588379
5.349728584289551
5.737401485443115
5.863859176635742
5.93150520324707
6.035918235778809
6.094912052154541
5.4163055419921875
5.260287284851074
5.616745948791504
5.491104602813721
5.939973831176758
5.6965460777282715
5.666779518127441
5.718230247497559
6.027361869812012
6.2107648849487305
6.184267044067383
5.404971122741699
5.522243499755859
5.642586708068848
6.021602630615234
7.176064491271973
5.188506126403809
6.0093841552734375
5.626082420349121
5.195894241333008
5.628602981567383
5.581844806671143
6.407566547393799
5.5132551193237305
6.961350440979004
5.993227481842041
5.329282283782959
7.057652473449707
4.246731281280518
7.071176528930664
5.358756065368652
5.057133674621582
5.676033973693848
5.8324384689331055
6.135662078857422
6.738202095031738
6.05194616317749
5.50791072845459
6.092658996582031
5.1772565841674805
5.740640640258789
5.97739315032959
5.7374677658081055
5.706258296966553
5.653492450714111
4.93814754486084
5.038397789001465
5.496211051940918
4.774478912353516
5.735201358795166
5.640354156494141
5.185721397399902
6.078036308288574
5.106266975402832
5.687198638916016
4.630659103393555
5.3983917236328125
5.143733024597168
5.8284478187561035
5.375925064086914
4.751249313354492
6.7255096435546875
5.906589508056641
6.786369323730469
5.560843467712402
5.076897621154785
7.073718070983887
5.953526496887207
6.463860034942627
5.547876834869385
5.815090179443359
6.236720085144043
4.958037376403809
5.390411376953125
5.62408447265625
5.0664215087890625
5.404387474060059
5.243018627166748
5.505001544952393
5.583518981933594
4.6168413162231445
5.190912246704102
7.076940536499023
5.581380367279053
5.0493574142456055
5.139810562133789
4.795292377471924
5.43692684173584
5.6762495040893555
5.458940505981445
5.171420574188232
7.438422679901123
6.316033363342285
4.772696018218994
7.501314640045166
4.450554847717285
5.525302886962891
5.200435638427734
5.605627059936523
5.089479923248291
4.835041046142578
5.645325660705566
5.654827117919922
5.544559478759766
5.130629539489746
7.065217018127441
5.249314308166504
7.3606343269348145
5.688596248626709
5.31722354888916
5.84534215927124
4.981751441955566
5.745118141174316
5.19870662689209
5.297987937927246
4.737464427947998
6.252926349639893
5.152784824371338
4.569346904754639
5.410762786865234
5.438501358032227
5.436675071716309
5.179485321044922
5.752580642700195
5.296770095825195
5.811774730682373
5.495057582855225
4.817753791809082
5.848301887512207
4.783508777618408
6.643459320068359
4.88023567199707
6.410035610198975
4.8039445877075195
5.284931659698486
5.43213415145874
5.577279567718506
4.718992233276367
5.359605312347412
4.838194370269775
5.88839054107666
6.535027027130127
6.165109634399414
6.118354797363281
5.635745525360107
5.857712268829346
5.093348503112793
6.131593227386475
5.542686462402344
5.043969631195068
6.241219520568848
4.631951332092285
4.903603553771973
5.799332141876221
5.36599063873291
6.2601470947265625
5.196832180023193
5.800774574279785
4.8377885818481445
5.619909286499023
4.804139137268066
5.18712043762207
5.630086898803711
4.798962593078613
4.414557933807373
5.815549850463867
6.087306022644043
4.62088680267334
5.163832664489746
4.824527263641357
4.84652853012085
5.461297035217285
4.763003349304199
5.480753421783447
5.493955612182617
4.712943077087402
6.251031398773193
5.530073165893555
5.425004959106445
5.603564262390137
4.964320659637451
5.312379837036133
5.430790901184082
4.711635589599609
5.204293727874756
5.099478244781494
5.14546012878418
4.976994514465332
5.869776725769043
5.739964485168457
6.345423698425293
5.597336292266846
5.618106842041016
5.655993461608887
6.407215595245361
5.647906303405762
4.833817481994629
6.0482635498046875
4.365424156188965
4.783031940460205
5.812260150909424
4.679327964782715
6.289608001708984
4.906280517578125
5.352356433868408
4.2743706703186035
5.041614055633545
4.624450206756592
6.169086933135986
5.693197250366211
5.717804908752441
5.668356895446777
6.529513835906982
5.61386775970459
4.502089023590088
6.4052863121032715
4.603326797485352
5.282221794128418
5.008509635925293
5.1705708503723145
5.151719570159912
4.759222030639648
5.486386299133301
4.404362678527832
5.541511535644531
5.482552528381348
5.580564022064209
5.930558204650879
5.242448806762695
4.757640361785889
4.909853935241699
5.351654529571533
5.08616828918457
5.021726608276367
4.687007427215576
5.4243292808532715
5.684987545013428
4.705079555511475
4.518772125244141
5.801734924316406
4.954251289367676
5.451357364654541
4.983904838562012
4.93443489074707
4.5977935791015625
4.919919967651367
5.383896827697754
5.246466636657715
5.453263759613037
5.275550842285156
4.037145137786865
5.140028953552246
4.9309492111206055
4.927800178527832
4.46669340133667
4.938671112060547
4.727924346923828
4.972326755523682
5.493391990661621
5.199090003967285
5.423345565795898
4.770761013031006
6.344871520996094
5.1404218673706055
4.872035980224609
5.654918670654297
5.7280402183532715
4.739908218383789
6.390020370483398
4.630444049835205
4.414028644561768
5.683481216430664
4.4868879318237305
6.197391033172607
5.206413269042969
5.244599342346191
4.825135707855225
6.307924747467041
5.226353645324707
5.0652642250061035
5.768022537231445
5.013439178466797
4.633485794067383
4.856607437133789
5.850696086883545
5.262465476989746
5.694124698638916
5.399535179138184
5.082821846008301
5.4661865234375
4.710237503051758
4.927049160003662
4.962663650512695
4.769224166870117
6.132870674133301
5.867394924163818
5.325291156768799
4.815771579742432
4.34158992767334
4.892255783081055
4.9412407875061035
4.74083137512207
5.136836528778076
5.374785423278809
5.175580978393555
5.063344478607178
7.007898330688477
5.492021560668945
5.109043598175049
5.493912220001221
5.965691566467285
5.858587265014648
5.444903373718262
5.225345134735107
4.556042671203613
4.331006050109863
5.130270004272461
4.997961044311523
5.326873779296875
5.056492328643799
5.862455368041992
6.200417995452881
5.309266090393066
5.6037397384643555
5.097001075744629
5.543492317199707
5.379429817199707
4.567206382751465
4.965394020080566
4.008800029754639
4.871096611022949
4.244194507598877
5.201373100280762
5.127089500427246
5.028776168823242
4.739821434020996
4.727784156799316
5.560029983520508
